 38  61  64  64  64  64  64  64  64  64  64  64  64  64  61  40
 61 197 178 178 178 178 201 221 219 203 178 178 178 178 199  70
 64 178  35  35  35  60 220 126 118 229  64  35  35  35 176  74
 64 178  35  35  59 194 142  56  56 135 197  61  35  35 176  74
 64 178  35  59 233 242 234 232 232 233 242 243  62  35 176  74
 64 178  60 194 242  35  35  35  35  35  35 243 199  66 176  74
 64 201 220 142 234  35  35  35  35  35  35 243 137 217 202  74
 64 221 126  56 232  35  35  35  35  35  35 243  59 120 224  74
 64 219 119  56 232  35  35  35  35  35  35 243  59 113 221  74
 64 203 229 136 233  35  35  35  35  35  35 243 130 226 204  74
 64 178  64 197 242  35  35  35  35  35  35 243 202  70 176  74
 64 178  35  61 243 243 243 243 243 243 243 254  64  35 176  74
 64 178  35  35  62 199 137  59  59 130 202  64  35  35 176  74
 64 178  35  35  35  66 217 120 113 226  70  35  35  35 176  74
 61 199 176 176 176 176 202 224 221 204 176 176 176 176 201  70
 40  70  74  74  74  74  74  74  74  74  74  74  74  74  70  42
 38  61  64  64  64  64  64  64  64  64  64  64  64  64  61  40
 61 197 178 178 178 178 201 221 219 203 178 178 178 178 199  70
 64 178  35  35  35  60 220 126 118 229  64  35  35  35 176  74
 64 178  35  35  59 194 142  56  56 135 197  61  35  35 176  74
 64 178  35  59 233 242 234 232 232 233 242 243  62  35 176  74
 64 178  60 194 242  35  35  35  35  35  35 243 199  66 176  74
 64 201 220 142 234  35  35  35  35  35  35 243 137 217 202  74
 64 221 126  56 232  35  35  35  35  35  35 243  59 120 224  74
 64 219 119  56 232  35  35  35  35  35  35 243  59 113 221  74
 64 203 229 136 233  35  35  35  35  35  35 243 130 226 204  74
 64 178  64 197 242  35  35  35  35  35  35 243 202  70 176  74
 64 178  35  61 243 243 243 243 243 243 243 254  64  35 176  74
 64 178  35  35  62 199 137  59  59 130 202  64  35  35 176  74
 64 178  35  35  35  66 217 120 113 226  70  35  35  35 176  74
 61 199 176 176 176 176 202 224 221 204 176 176 176 176 201  70
 40  70  74  74  74  74  74  74  74  74  74  74  74  74  70  42
120 134 136 136 136 136 136 136 136 136 136 136 136 136 134 121
134 219 206 206 206 206 221 233 232 222 206 206 206 206 220 139
136 206 118 118 118 134 233 174 169 238 136 118 118 118 205 142
136 206 118 118 133 216 184 131 131 180 219 134 118 118 205 142
136 206 118 133 242 246 241 240 240 241 246 248 135 118 205 142
136 206 134 216 246 118 118 118 118 118 118 247 220 137 205 142
136 221 233 184 241 118 118 118 118 118 118 247 181 231 221 142
136 234 174 131 240 118 118 118 118 118 118 247 133 170 235 142
136 232 170 131 240 118 118 118 118 118 118 247 133 166 234 142
136 222 238 180 241 118 118 118 118 118 118 247 177 236 223 142
136 206 135 218 246 118 118 118 118 118 118 247 222 140 205 142
136 206 118 134 248 247 247 247 247 247 247 255 136 118 205 142
136 206 118 118 134 220 182 133 133 177 222 136 118 118 205 142
136 206 118 118 118 137 231 171 166 236 140 118 118 118 205 142
134 220 205 205 205 205 221 235 234 223 205 205 205 205 221 140
121 139 142 142 142 142 142 142 142 142 142 142 142 142 140 122

 40  66  70  70  70  70  70  70  70  70  70  70  70  70  66  40
 66 200 177 177 177 177 203 222 222 203 177 177 177 177 200  66
 70 177  35  35  35  66 224 120 120 224  66  35  35  35 177  70
 70 177  35  35  62 198 137  58  58 137 198  62  35  35 177  70
 70 177  35  62 244 243 238 238 238 238 243 244  62  35 177  70
 70 177  66 198 243  35  35  35  35  35  35 243 198  66 177  70
 70 203 224 137 238  35  35  35  35  35  35 238 137 224 203  70
 70 222 120  58 238  35  35  35  35  35  35 238  58 120 222  70
 70 222 120  58 238  35  35  35  35  35  35 238  58 120 222  70
 70 203 224 137 238  35  35  35  35  35  35 238 137 223 203  70
 70 177  66 198 243  35  35  35  35  35  35 243 198  65 177  70
 70 177  35  62 244 243 238 238 238 238 243 244  62  35 177  70
 70 177  35  35  62 198 137  58  58 137 198  62  35  35 177  70
 70 177  35  35  35  66 224 120 120 223  65  35  35  35 177  70
 66 200 177 177 177 177 203 222 222 203 177 177 177 177 200  66
 40  66  70  70  70  70  70  70  70  70  70  70  70  70  66  40
 40  66  70  70  70  70  70  70  70  70  70  70  70  70  66  40
 66 200 177 177 177 177 203 222 222 203 177 177 177 177 200  66
 70 177  35  35  35  66 224 120 120 224  66  35  35  35 177  70
 70 177  35  35  62 198 137  58  58 137 198  62  35  35 177  70
 70 177  35  62 244 243 238 238 238 238 243 244  62  35 177  70
 70 177  66 198 243  35  35  35  35  35  35 243 198  66 177  70
 70 203 224 137 238  35  35  35  35  35  35 238 137 224 203  70
 70 222 120  58 238  35  35  35  35  35  35 238  58 120 222  70
 70 222 120  58 238  35  35  35  35  35  35 238  58 120 222  70
 70 203 224 137 238  35  35  35  35  35  35 238 137 223 203  70
 70 177  66 198 243  35  35  35  35  35  35 243 198  65 177  70
 70 177  35  62 244 243 238 238 238 238 243 244  62  35 177  70
 70 177  35  35  62 198 137  58  58 137 198  62  35  35 177  70
 70 177  35  35  35  66 224 120 120 223  65  35  35  35 177  70
 66 200 177 177 177 177 203 222 222 203 177 177 177 177 200  66
 40  66  70  70  70  70  70  70  70  70  70  70  70  70  66  40
121 137 139 139 139 139 139 139 139 139 139 139 139 139 137 121
137 220 206 206 206 206 222 234 234 222 206 206 206 206 220 137
139 206 118 118 118 137 235 170 170 235 137 118 118 118 206 139
139 206 118 118 135 220 181 132 132 181 220 135 118 118 206 139
139 206 118 135 249 247 244 244 244 244 247 249 135 118 206 139
139 206 137 220 247 118 118 118 118 118 118 247 220 137 206 139
139 222 235 181 244 118 118 118 118 118 118 244 181 235 222 139
139 234 170 132 244 118 118 118 118 118 118 244 132 170 234 139
139 234 170 132 244 118 118 118 118 118 118 244 132 171 234 139
139 222 235 181 244 118 118 118 118 118 118 244 181 235 222 139
139 206 137 220 247 118 118 118 118 118 118 247 219 137 206 139
139 206 118 135 249 247 244 244 244 244 247 249 134 118 206 139
139 206 118 118 135 220 181 132 132 181 219 134 118 118 206 139
139 206 118 118 118 137 235 170 171 235 137 118 118 118 206 139
137 220 206 206 206 206 222 234 234 222 206 206 206 206 220 137
121 137 139 139 139 139 139 139 139 139 139 139 139 139 137 121

 42  70  74  74  74  74  74  74  74  74  74  74  74  74  70  40
 70 201 176 176 176 176 204 221 224 202 176 176 176 176 199  61
 74 176  35  35  35  70 226 113 120 217  66  35  35  35 178  64
 74 176  35  35  64 202 130  59  59 137 199  62  35  35 178  64
 74 176  35  64 254 243 243 243 243 243 243 243  61  35 178  64
 74 176  70 202 243  35  35  35  35  35  35 242 197  64 178  64
 74 204 226 130 243  35  35  35  35  35  35 233 136 229 203  64
 74 221 113  59 243  35  35  35  35  35  35 232  56 119 219  64
 74 224 120  59 243  35  35  35  35  35  35 232  56 126 221  64
 74 202 217 137 243  35  35  35  35  35  35 234 142 220 201  64
 74 176  66 199 243  35  35  35  35  35  35 242 194  60 178  64
 74 176  35  62 243 242 233 232 232 234 242 233  59  35 178  64
 74 176  35  35  61 197 135  56  56 142 194  59  35  35 178  64
 74 176  35  35  35  64 229 118 126 220  60  35  35  35 178  64
 70 199 178 178 178 178 203 219 221 201 178 178 178 178 197  61
 40  61  64  64  64  64  64  64  64  64  64  64  64  64  61  38
 42  70  74  74  74  74  74  74  74  74  74  74  74  74  70  40
 70 201 176 176 176 176 204 221 224 202 176 176 176 176 199  61
 74 176  35  35  35  70 226 113 120 217  66  35  35  35 178  64
 74 176  35  35  64 202 130  59  59 137 199  62  35  35 178  64
 74 176  35  64 254 243 243 243 243 243 243 243  61  35 178  64
 74 176  70 202 243  35  35  35  35  35  35 242 197  64 178  64
 74 204 226 130 243  35  35  35  35  35  35 233 136 229 203  64
 74 221 113  59 243  35  35  35  35  35  35 232  56 119 219  64
 74 224 120  59 243  35  35  35  35  35  35 232  56 126 221  64
 74 202 217 137 243  35  35  35  35  35  35 234 142 220 201  64
 74 176  66 199 243  35  35  35  35  35  35 242 194  60 178  64
 74 176  35  62 243 242 233 232 232 234 242 233  59  35 178  64
 74 176  35  35  61 197 135  56  56 142 194  59  35  35 178  64
 74 176  35  35  35  64 229 118 126 220  60  35  35  35 178  64
 70 199 178 178 178 178 203 219 221 201 178 178 178 178 197  61
 40  61  64  64  64  64  64  64  64  64  64  64  64  64  61  38
122 140 142 142 142 142 142 142 142 142 142 142 142 142 139 121
140 221 205 205 205 205 223 234 235 221 205 205 205 205 220 134
142 205 118 118 118 140 236 166 171 231 137 118 118 118 206 136
142 205 118 118 136 222 177 133 133 182 220 134 118 118 206 136
142 205 118 136 255 247 247 247 247 247 247 248 134 118 206 136
142 205 140 222 247 118 118 118 118 118 118 246 218 135 206 136
142 223 236 177 247 118 118 118 118 118 118 241 180 238 222 136
142 234 166 133 247 118 118 118 118 118 118 240 131 170 232 136
142 235 170 133 247 118 118 118 118 118 118 240 131 174 234 136
142 221 231 181 247 118 118 118 118 118 118 241 184 233 221 136
142 205 137 220 247 118 118 118 118 118 118 246 216 134 206 136
142 205 118 135 248 246 241 240 240 241 246 242 133 118 206 136
142 205 118 118 134 219 180 131 131 184 216 133 118 118 206 136
142 205 118 118 118 136 238 169 174 233 134 118 118 118 206 136
139 220 206 206 206 206 222 232 233 221 206 206 206 206 219 134
121 134 136 136 136 136 136 136 136 136 136 136 136 136 134 120

 40  66  70  70  70  70  70  70  70  70  70  70  70  70  66  40
 66 200 177 177 177 177 203 222 222 203 177 177 177 177 200  66
 70 177  35  35  35  65 223 120 120 224  66  35  35  35 177  70
 70 177  35  35  62 198 137  58  58 137 198  62  35  35 177  70
 70 177  35  62 244 243 238 238 238 238 243 244  62  35 177  70
 70 177  65 198 243  35  35  35  35  35  35 243 198  66 177  70
 70 203 223 137 238  35  35  35  35  35  35 238 137 224 203  70
 70 222 120  58 238  35  35  35  35  35  35 238  58 120 222  70
 70 222 120  58 238  35  35  35  35  35  35 238  58 120 222  70
 70 203 224 137 238  35  35  35  35  35  35 238 137 224 203  70
 70 177  66 198 243  35  35  35  35  35  35 243 198  66 177  70
 70 177  35  62 244 243 238 238 238 238 243 244  62  35 177  70
 70 177  35  35  62 198 137  58  58 137 198  62  35  35 177  70
 70 177  35  35  35  66 224 120 120 224  66  35  35  35 177  70
 66 200 177 177 177 177 203 222 222 203 177 177 177 177 200  66
 40  66  70  70  70  70  70  70  70  70  70  70  70  70  66  40
 40  66  70  70  70  70  70  70  70  70  70  70  70  70  66  40
 66 200 177 177 177 177 203 222 222 203 177 177 177 177 200  66
 70 177  35  35  35  65 223 120 120 224  66  35  35  35 177  70
 70 177  35  35  62 198 137  58  58 137 198  62  35  35 177  70
 70 177  35  62 244 243 238 238 238 238 243 244  62  35 177  70
 70 177  65 198 243  35  35  35  35  35  35 243 198  66 177  70
 70 203 223 137 238  35  35  35  35  35  35 238 137 224 203  70
 70 222 120  58 238  35  35  35  35  35  35 238  58 120 222  70
 70 222 120  58 238  35  35  35  35  35  35 238  58 120 222  70
 70 203 224 137 238  35  35  35  35  35  35 238 137 224 203  70
 70 177  66 198 243  35  35  35  35  35  35 243 198  66 177  70
 70 177  35  62 244 243 238 238 238 238 243 244  62  35 177  70
 70 177  35  35  62 198 137  58  58 137 198  62  35  35 177  70
 70 177  35  35  35  66 224 120 120 224  66  35  35  35 177  70
 66 200 177 177 177 177 203 222 222 203 177 177 177 177 200  66
 40  66  70  70  70  70  70  70  70  70  70  70  70  70  66  40
121 137 139 139 139 139 139 139 139 139 139 139 139 139 137 121
137 220 206 206 206 206 222 234 234 222 206 206 206 206 220 137
139 206 118 118 118 137 235 171 170 235 137 118 118 118 206 139
139 206 118 118 134 219 181 132 132 181 220 135 118 118 206 139
139 206 118 134 249 247 244 244 244 244 247 249 135 118 206 139
139 206 137 219 247 118 118 118 118 118 118 247 220 137 206 139
139 222 235 181 244 118 118 118 118 118 118 244 181 235 222 139
139 234 171 132 244 118 118 118 118 118 118 244 132 170 234 139
139 234 170 132 244 118 118 118 118 118 118 244 132 170 234 139
139 222 235 181 244 118 118 118 118 118 118 244 181 235 222 139
139 206 137 220 247 118 118 118 118 118 118 247 220 137 206 139
139 206 118 135 249 247 244 244 244 244 247 249 135 118 206 139
139 206 118 118 135 220 181 132 132 181 220 135 118 118 206 139
139 206 118 118 118 137 235 170 170 235 137 118 118 118 206 139
137 220 206 206 206 206 222 234 234 222 206 206 206 206 220 137
121 137 139 139 139 139 139 139 139 139 139 139 139 139 137 121
