  0   0   0   0   0   0   0   0   0   0   0   0   0   0   0   0
  0  41 102 102 102 102 102 102 102 102 102 102 102 102  41   0
  0 102 255 255 255 255 255 255 255 255 255 255 255 255 102   0
  0 102 255 255 255 255 255 255 255 255 255 255 255 255 102   0
  0 102 255 255 252 244 244 244 244 244 244 252 255 255 102   0
  0 102 255 255 244 112 138  84  84 138 112 244 255 255 102   0
  0 102 255 255 244 138 122 112 112 122 138 244 255 255 102   0
  0 102 255 255 244  84 112 214 214 112  85 244 255 255 102   0
  0 102 255 255 244  84 112 214 214 113  85 244 255 255 102   0
  0 102 255 255 244 138 122 112 113 122 138 244 255 255 102   0
  0 102 255 255 244 112 138  85  85 138 113 244 255 255 102   0
  0 102 255 255 252 244 244 244 244 244 244 252 255 255 102   0
  0 102 255 255 255 255 255 255 255 255 255 255 255 255 102   0
  0 102 255 255 255 255 255 255 255 255 255 255 255 255 102   0
  0  41 102 102 102 102 102 102 102 102 102 102 102 102  41   0
  0   0   0   0   0   0   0   0   0   0   0   0   0   0   0   0
  0   0   0   0   0   0   0   0   0   0   0   0   0   0   0   0
  0  41 102 102 102 102 102 102 102 102 102 102 102 102  41   0
  0 102 255 255 255 255 255 255 255 255 255 255 255 255 102   0
  0 102 255 255 255 255 255 255 255 255 255 255 255 255 102   0
  0 102 255 255 252 244 244 244 244 244 244 252 255 255 102   0
  0 102 255 255 244 112 138  84  84 138 112 244 255 255 102   0
  0 102 255 255 244 138 122 112 112 122 138 244 255 255 102   0
  0 102 255 255 244  84 112 214 214 112  85 244 255 255 102   0
  0 102 255 255 244  84 112 214 214 113  85 244 255 255 102   0
  0 102 255 255 244 138 122 112 113 122 138 244 255 255 102   0
  0 102 255 255 244 112 138  85  85 138 113 244 255 255 102   0
  0 102 255 255 252 244 244 244 244 244 244 252 255 255 102   0
  0 102 255 255 255 255 255 255 255 255 255 255 255 255 102   0
  0 102 255 255 255 255 255 255 255 255 255 255 255 255 102   0
  0  41 102 102 102 102 102 102 102 102 102 102 102 102  41   0
  0   0   0   0   0   0   0   0   0   0   0   0   0   0   0   0
  0   0   0   0   0   0   0   0   0   0   0   0   0   0   0   0
  0  41 102 102 102 102 102 102 102 102 102 102 102 102  41   0
  0 102 255 255 255 255 255 255 255 255 255 255 255 255 102   0
  0 102 255 255 255 255 255 255 255 255 255 255 255 255 102   0
  0 102 255 255 252 244 244 244 244 244 244 252 255 255 102   0
  0 102 255 255 244 112 138  84  84 138 112 244 255 255 102   0
  0 102 255 255 244 138 122 112 112 122 138 244 255 255 102   0
  0 102 255 255 244  84 112 214 214 112  85 244 255 255 102   0
  0 102 255 255 244  84 112 214 214 113  85 244 255 255 102   0
  0 102 255 255 244 138 122 112 113 122 138 244 255 255 102   0
  0 102 255 255 244 112 138  85  85 138 113 244 255 255 102   0
  0 102 255 255 252 244 244 244 244 244 244 252 255 255 102   0
  0 102 255 255 255 255 255 255 255 255 255 255 255 255 102   0
  0 102 255 255 255 255 255 255 255 255 255 255 255 255 102   0
  0  41 102 102 102 102 102 102 102 102 102 102 102 102  41   0
  0   0   0   0   0   0   0   0   0   0   0   0   0   0   0   0

  0   0   0   0   0   0   0   0   0   0   0   0   0   0   0   0
  0  41 102 102 102 102 102 102 102 102 102 102 102 102  41   0
  0 102 255 255 255 255 255 255 255 255 255 255 255 255 102   0
  0 102 255 255 255 255 255 255 255 255 255 255 255 255 102   0
  0 102 255 255 252 244 244 244 244 244 244 252 255 255 102   0
  0 102 255 255 244 112 138  85  85 138 113 244 255 255 102   0
  0 102 255 255 244 138 122 112 113 122 138 244 255 255 102   0
  0 102 255 255 244  84 112 214 214 113  85 244 255 255 102   0
  0 102 255 255 244  84 112 214 214 112  85 244 255 255 102   0
  0 102 255 255 244 138 122 112 112 122 138 244 255 255 102   0
  0 102 255 255 244 112 138  84  84 138 112 244 255 255 102   0
  0 102 255 255 252 244 244 244 244 244 244 252 255 255 102   0
  0 102 255 255 255 255 255 255 255 255 255 255 255 255 102   0
  0 102 255 255 255 255 255 255 255 255 255 255 255 255 102   0
  0  41 102 102 102 102 102 102 102 102 102 102 102 102  41   0
  0   0   0   0   0   0   0   0   0   0   0   0   0   0   0   0
  0   0   0   0   0   0   0   0   0   0   0   0   0   0   0   0
  0  41 102 102 102 102 102 102 102 102 102 102 102 102  41   0
  0 102 255 255 255 255 255 255 255 255 255 255 255 255 102   0
  0 102 255 255 255 255 255 255 255 255 255 255 255 255 102   0
  0 102 255 255 252 244 244 244 244 244 244 252 255 255 102   0
  0 102 255 255 244 112 138  85  85 138 113 244 255 255 102   0
  0 102 255 255 244 138 122 112 113 122 138 244 255 255 102   0
  0 102 255 255 244  84 112 214 214 113  85 244 255 255 102   0
  0 102 255 255 244  84 112 214 214 112  85 244 255 255 102   0
  0 102 255 255 244 138 122 112 112 122 138 244 255 255 102   0
  0 102 255 255 244 112 138  84  84 138 112 244 255 255 102   0
  0 102 255 255 252 244 244 244 244 244 244 252 255 255 102   0
  0 102 255 255 255 255 255 255 255 255 255 255 255 255 102   0
  0 102 255 255 255 255 255 255 255 255 255 255 255 255 102   0
  0  41 102 102 102 102 102 102 102 102 102 102 102 102  41   0
  0   0   0   0   0   0   0   0   0   0   0   0   0   0   0   0
  0   0   0   0   0   0   0   0   0   0   0   0   0   0   0   0
  0  41 102 102 102 102 102 102 102 102 102 102 102 102  41   0
  0 102 255 255 255 255 255 255 255 255 255 255 255 255 102   0
  0 102 255 255 255 255 255 255 255 255 255 255 255 255 102   0
  0 102 255 255 252 244 244 244 244 244 244 252 255 255 102   0
  0 102 255 255 244 112 138  85  85 138 113 244 255 255 102   0
  0 102 255 255 244 138 122 112 113 122 138 244 255 255 102   0
  0 102 255 255 244  84 112 214 214 113  85 244 255 255 102   0
  0 102 255 255 244  84 112 214 214 112  85 244 255 255 102   0
  0 102 255 255 244 138 122 112 112 122 138 244 255 255 102   0
  0 102 255 255 244 112 138  84  84 138 112 244 255 255 102   0
  0 102 255 255 252 244 244 244 244 244 244 252 255 255 102   0
  0 102 255 255 255 255 255 255 255 255 255 255 255 255 102   0
  0 102 255 255 255 255 255 255 255 255 255 255 255 255 102   0
  0  41 102 102 102 102 102 102 102 102 102 102 102 102  41   0
  0   0   0   0   0   0   0   0   0   0   0   0   0   0   0   0

  0   0   0   0   0   0   0   0   0   0   0   0   0   0   0   0
  0  41 102 102 102 102 102 102 102 102 102 102 102 102  41   0
  0 102 255 255 255 255 255 255 255 255 255 255 255 255 102   0
  0 102 255 255 255 255 255 255 255 255 255 255 255 255 102   0
  0 102 255 255 252 244 244 244 244 244 244 252 255 255 102   0
  0 102 255 255 244 113 138  85  85 138 112 244 255 255 102   0
  0 102 255 255 244 138 122 113 112 122 138 244 255 255 102   0
  0 102 255 255 244  85 113 214 214 112  84 244 255 255 102   0
  0 102 255 255 244  85 112 214 214 112  84 244 255 255 102   0
  0 102 255 255 244 138 122 112 112 122 138 244 255 255 102   0
  0 102 255 255 244 112 138  84  84 138 112 244 255 255 102   0
  0 102 255 255 252 244 244 244 244 244 244 252 255 255 102   0
  0 102 255 255 255 255 255 255 255 255 255 255 255 255 102   0
  0 102 255 255 255 255 255 255 255 255 255 255 255 255 102   0
  0  41 102 102 102 102 102 102 102 102 102 102 102 102  41   0
  0   0   0   0   0   0   0   0   0   0   0   0   0   0   0   0
  0   0   0   0   0   0   0   0   0   0   0   0   0   0   0   0
  0  41 102 102 102 102 102 102 102 102 102 102 102 102  41   0
  0 102 255 255 255 255 255 255 255 255 255 255 255 255 102   0
  0 102 255 255 255 255 255 255 255 255 255 255 255 255 102   0
  0 102 255 255 252 244 244 244 244 244 244 252 255 255 102   0
  0 102 255 255 244 113 138  85  85 138 112 244 255 255 102   0
  0 102 255 255 244 138 122 113 112 122 138 244 255 255 102   0
  0 102 255 255 244  85 113 214 214 112  84 244 255 255 102   0
  0 102 255 255 244  85 112 214 214 112  84 244 255 255 102   0
  0 102 255 255 244 138 122 112 112 122 138 244 255 255 102   0
  0 102 255 255 244 112 138  84  84 138 112 244 255 255 102   0
  0 102 255 255 252 244 244 244 244 244 244 252 255 255 102   0
  0 102 255 255 255 255 255 255 255 255 255 255 255 255 102   0
  0 102 255 255 255 255 255 255 255 255 255 255 255 255 102   0
  0  41 102 102 102 102 102 102 102 102 102 102 102 102  41   0
  0   0   0   0   0   0   0   0   0   0   0   0   0   0   0   0
  0   0   0   0   0   0   0   0   0   0   0   0   0   0   0   0
  0  41 102 102 102 102 102 102 102 102 102 102 102 102  41   0
  0 102 255 255 255 255 255 255 255 255 255 255 255 255 102   0
  0 102 255 255 255 255 255 255 255 255 255 255 255 255 102   0
  0 102 255 255 252 244 244 244 244 244 244 252 255 255 102   0
  0 102 255 255 244 113 138  85  85 138 112 244 255 255 102   0
  0 102 255 255 244 138 122 113 112 122 138 244 255 255 102   0
  0 102 255 255 244  85 113 214 214 112  84 244 255 255 102   0
  0 102 255 255 244  85 112 214 214 112  84 244 255 255 102   0
  0 102 255 255 244 138 122 112 112 122 138 244 255 255 102   0
  0 102 255 255 244 112 138  84  84 138 112 244 255 255 102   0
  0 102 255 255 252 244 244 244 244 244 244 252 255 255 102   0
  0 102 255 255 255 255 255 255 255 255 255 255 255 255 102   0
  0 102 255 255 255 255 255 255 255 255 255 255 255 255 102   0
  0  41 102 102 102 102 102 102 102 102 102 102 102 102  41   0
  0   0   0   0   0   0   0   0   0   0   0   0   0   0   0   0

  0   0   0   0   0   0   0   0   0   0   0   0   0   0   0   0
  0  41 102 102 102 102 102 102 102 102 102 102 102 102  41   0
  0 102 255 255 255 255 255 255 255 255 255 255 255 255 102   0
  0 102 255 255 255 255 255 255 255 255 255 255 255 255 102   0
  0 102 255 255 252 244 244 244 244 244 244 252 255 255 102   0
  0 102 255 255 244 112 138  84  84 138 112 244 255 255 102   0
  0 102 255 255 244 138 122 112 112 122 138 244 255 255 102   0
  0 102 255 255 244  85 112 214 214 112  84 244 255 255 102   0
  0 102 255 255 244  85 113 214 214 112  84 244 255 255 102   0
  0 102 255 255 244 138 122 113 112 122 138 244 255 255 102   0
  0 102 255 255 244 113 138  85  85 138 112 244 255 255 102   0
  0 102 255 255 252 244 244 244 244 244 244 252 255 255 102   0
  0 102 255 255 255 255 255 255 255 255 255 255 255 255 102   0
  0 102 255 255 255 255 255 255 255 255 255 255 255 255 102   0
  0  41 102 102 102 102 102 102 102 102 102 102 102 102  41   0
  0   0   0   0   0   0   0   0   0   0   0   0   0   0   0   0
  0   0   0   0   0   0   0   0   0   0   0   0   0   0   0   0
  0  41 102 102 102 102 102 102 102 102 102 102 102 102  41   0
  0 102 255 255 255 255 255 255 255 255 255 255 255 255 102   0
  0 102 255 255 255 255 255 255 255 255 255 255 255 255 102   0
  0 102 255 255 252 244 244 244 244 244 244 252 255 255 102   0
  0 102 255 255 244 112 138  84  84 138 112 244 255 255 102   0
  0 102 255 255 244 138 122 112 112 122 138 244 255 255 102   0
  0 102 255 255 244  85 112 214 214 112  84 244 255 255 102   0
  0 102 255 255 244  85 113 214 214 112  84 244 255 255 102   0
  0 102 255 255 244 138 122 113 112 122 138 244 255 255 102   0
  0 102 255 255 244 113 138  85  85 138 112 244 255 255 102   0
  0 102 255 255 252 244 244 244 244 244 244 252 255 255 102   0
  0 102 255 255 255 255 255 255 255 255 255 255 255 255 102   0
  0 102 255 255 255 255 255 255 255 255 255 255 255 255 102   0
  0  41 102 102 102 102 102 102 102 102 102 102 102 102  41   0
  0   0   0   0   0   0   0   0   0   0   0   0   0   0   0   0
  0   0   0   0   0   0   0   0   0   0   0   0   0   0   0   0
  0  41 102 102 102 102 102 102 102 102 102 102 102 102  41   0
  0 102 255 255 255 255 255 255 255 255 255 255 255 255 102   0
  0 102 255 255 255 255 255 255 255 255 255 255 255 255 102   0
  0 102 255 255 252 244 244 244 244 244 244 252 255 255 102   0
  0 102 255 255 244 112 138  84  84 138 112 244 255 255 102   0
  0 102 255 255 244 138 122 112 112 122 138 244 255 255 102   0
  0 102 255 255 244  85 112 214 214 112  84 244 255 255 102   0
  0 102 255 255 244  85 113 214 214 112  84 244 255 255 102   0
  0 102 255 255 244 138 122 113 112 122 138 244 255 255 102   0
  0 102 255 255 244 113 138  85  85 138 112 244 255 255 102   0
  0 102 255 255 252 244 244 244 244 244 244 252 255 255 102   0
  0 102 255 255 255 255 255 255 255 255 255 255 255 255 102   0
  0 102 255 255 255 255 255 255 255 255 255 255 255 255 102   0
  0  41 102 102 102 102 102 102 102 102 102 102 102 102  41   0
  0   0   0   0   0   0   0   0   0   0   0   0   0   0   0   0
